camera 10 5 5 10 5 0 0 1 0
screen 90 2 0.3 200

model 5 7.5 0 10 15 1

ambient 0.0215 0.1745 0.0215
diffuse 0.07568 0.61424 0.07568
specular 0.633 0.727811	0.633
shininess 77
thickness 2
#шляпка
color 255 0 0
mesh 8 4
3.0 13.5 0 0 0 1
3.5 14.5 0 0 0 1
5.5 14.5 0 0 0 1
6.0 13.5 0 0 0 1

2.0 13.0 0 0 0 1
2.0 13.5 0 0 0 1
7.0 13.5 0 0 0 1
7.0 13.0 0 0 0 1

0 1 2
0 2 3

4 5 6
4 6 7

ambient 0.05 0.05 0.05
diffuse 0.5 0.5 0.5
specular 0.7 0.7 0.7
shininess 10
#волосы
color 255 140 0
mesh 24 14
2.0 13.0 0 0 0 1 #1
1.0 12.0 0 0 0 1 #2
2.5 13.0 0 0 0 1 #3
2.5 12.0 0 0 0 1 #4
1.5 12.0 0 0 0 1 #5
0.5 11.0 0 0 0 1 #6
2.5 11.0 0 0 0 1 #7
1.5 11.0 0 0 0 1 #8
1.0 10.0 0 0 0 1 #9
2.0 10.5 0 0 0 1 #10
2.0 9.5 0 0 0 1 #11
2.5 10.0 0 0 0 1 #12


7.0 13.0 0 0 0 1 #12
8.0 12.0 0 0 0 1 #13
7.5 12.0 0 0 0 1 #14
8.5 11.0 0 0 0 1 #15
7.5 11.0 0 0 0 1 #16
8.0 10.0 0 0 0 1 #17
7.0 10.5 0 0 0 1 #18
7.0 9.5 0 0 0 1 #19
6.5 13.0 0 0 0 1 #20
6.5 12.0 0 0 0 1 #21
6.5 11.0 0 0 0 1 #22
6.5 10.0 0 0 0 1 #23


0 1 3
0 2 3
3 4 6
4 5 6
6 7 11
7 8 9
9 10 11

12 21 22
12 22 13
14 22 23
14 15 23
16 17 18
18 19 20
16 23 20


ambient 0.05 0.05 0.05
diffuse 0.5 0.5 0.5
specular 0.7 0.7 0.7
shininess 10
color 245 245 220
#голова
mesh 6 5
2.5 13.0 0 0 0 1 #0
2.5 10.0 0 0 0 1 # 1
4.0 9.0 0 0 0 1 #2
5.0 9.0 0 0 0 1 #3
6.5 10.0 0 0 0 1 #4
6.5 13.0 0 0 0 1 #5



0 1 2
1 2 4
1 4 5
0 5 4
0 5 1


color 0 0 0
mesh 3 1
3.0 11.5 0 0 0 1
3.5 12.5 0 0 0 1
4.0 11.5 0 0 0 1
0 1 2

mesh 3 1
5.0 11.5 0 0 0 0 1
5.5 12.5 0 0 0 0 1
6.0 11.5 0 0 0 0 1
0 1 2


color 255 0 0 
mesh 8 6
#нос
3.5 11.25 0 0 0 1
4.0 11.5 0 0 0 1
5.0 11.5 0 0 0 1
5.5 11.25 0 0 0 1
5.5 10.75 0 0 0 1
5.0 10.5 0 0 0 1
4.0 10.5 0 0 0 1
3.5 10.75 0 0 0 1
0 1 7
1 6 7
2 3 4
2 4 5
1 2 6
2 5 6


color 255 255 255  
mesh 7 5
#рот
3.0 11.0 0 0 0 1
4.0 10.5 0 0 0 1
5.0 10.5 0 0 0 1
6.0 11.0 0 0 0 1
6.0 10.0 0 0 0 1
4.5 9.5 0 0 0 1
3.0 10.0 0 0 0 1
0 1 6
1 5 6
1 2 5 
2 3 4
2 4 5 

#тело


color 255 255 255 
#контур
mesh 18 8
4.0 9.0 0 0 0 1
2.5 8.5 0 0 0 1
2.5 4.5 0 0 0 1
4.5 4.5 0 0 0 1
6.5 4.5 0 0 0 1
6.5 8.5 0 0 0 1
5.0 9.0 0 0 0 1

4.0 9.0 0 0 0 1
3.5 8.5 0 0 0 1
4.0 8.0 0 0 0 1
5.0 8.0 0 0 0 1
5.5 8.5 0 0 0 1
5.0 9.0 0 0 0 1

4.0 8.0 0 0 0 1
3.5 6.0 0 0 0 1
4.5 5.0 0 0 0 1
5.5 6.0 0 0 0 1
5.0 8.0 0 0 0 1

0 1 2
4 5 6
1 2 3
4 5 3
8 14 2
8 9 14
10 16 4
10 11 16

color 0 0 255
#левая нога
mesh 4 2
2.5 4.5 0 0 0 1
3.0 1.5 0 0 0 1
6.0 1.5 0 0 0 1
6.5 4.5 0 0 0 1
0 1 2
2 3 0




color 0 0 0
mesh 4 2
#ступни
1.0 0.5 0 0 0 1
2.5 1.5 0 0 0 1
7.0 1.5 0 0 0 1
8.5 0.5 0 0 0 1
0 1 2
0 2 3

color 0 255 0 
#левая рука
mesh 3 1
2.5 8.5 0 0 0 1
1.0 4.5 0 0 0 1
2.5 4.5 0 0 0 1
0 1 2

color 245 245 220
mesh 6 3
1.0 4.5 0 0 0 1
1.0 3.5 0 0 0 1
2.0 3.5 0 0 0 1
2.0 4.0 0 0 0 1
2.5 4.0 0 0 0 1
2.5 4.5 0 0 0 1
0 1 5
1 2 3
3 4 5


color 0 255 0
#правая рука
mesh 3 1
6.5 8.5 0 0 0 1
8.0 4.5 0 0 0 1
6.5 4.5 0 0 0 1
0 1 2

color 245 245 220
mesh 6 3
8.0 4.5 0 0 0 1
8.0 3.5 0 0 0 1
7.0 3.5 0 0 0 1
7.0 4.0 0 0 0 1
6.5 4.0 0 0 0 1
6.5 4.5 0 0 0 1
0 1 5
1 2 3
3 4 5


#галстук верхняя часть
color 255 0 0
mesh 6 4
4.0 9.0 0 0 0 1
3.5 8.5 0 0 0 1
4.0 8.0 0 0 0 1
5.0 8.0 0 0 0 1
5.5 8.5 0 0 0 1
5.0 9.0 0 0 0 1
0 1 2
3 4 5
0 2 3
0 3 5

#галстук нижняя часть
mesh 5 3
4.0 8.0 0 0 0 1
3.5 6.0 0 0 0 1
4.5 5.0 0 0 0 1
5.5 6.0 0 0 0 1
5.0 8.0 0 0 0 1
0 1 2
0 2 4
2 3 4







pushTransform
scale 0.75

pushTransform 
translate 5 1.5 0
figure
translate 12 0 0
figure
popTransform
pushTransform 
rotate 90 0 0 1
rotate 90 1 1 0
translate 7 1.5 0
figure
translate 6 0 1
figure
popTransform
pushTransform 
rotate -90 0 0 1
rotate -90 1 1 0
translate 9 1.5 0
figure
translate 6 0 0
figure
popTransform
pushTransform 
rotate 180 0 0 1
rotate 180 1 1 0
translate 11 1.5 0
figure
popTransform



pushTransform 
translate 4 0 0
rotate 60 0 0 1
rotate 60 1 1 0
translate 1 1 0
figure
popTransform
pushTransform 
rotate 90 0 0 1
rotate 90 1 1 0
translate 6 0 0
rotate 60 0 0 1
rotate 60 1 1 0
translate 1 1 0
figure
popTransform
pushTransform 
rotate -90 0 0 1
rotate -90 1 1 0
translate 8 0 0
rotate 60 0 0 1
rotate 60 1 1 0
translate 1 1 0
figure
popTransform

popTransform



camera 0 0 10 0 0 0 0 1 0
screen 90 1.333333 2 2000 # соотношение сторон 800х600
model 2.25 4.5 0 4.5 8 2
color 128 128 128 # серый цвет
mesh 39 31
# голова
0.5 3. 0. 	0.0 0.0 1.0  #1
1. 4.5 0. 	0.0 0.0 1.0  #2
0.5 6. 0. 	0.0 0.0 1.0  #3
0.5 7.5 0. 	0.0 0.0 1.0  #4
1. 8. 0.	0.0 0.0 1.0  #4 левое ухо верх середина слева
1.5 8. 0. 	0.0 0.0 1.0  #5 левое ухо верх середина справа
2. 7.5 0.	0.0 0.0 1.0  #6 левое ухо крайняя правая
1.5 6. 0.	0.0 0.0 1.0  #7 левое ухо середина справа
1.5 4.5 0.	0.0 0.0 1.0  #8 макушка слева
3. 4.5 0.	0.0 0.0 1.0  #9 макушка справа
3. 6. 0.	0.0 0.0 1.0  #10 правое ухо середина слева
2.5 7.5 0.	0.0 0.0 1.0  #11 правое ухо крайняя левая
3. 8. 0.	0.0 0.0 1.0  #12 правое ухо верх середина слева
3.5 8. 0.	0.0 0.0 1.0  #13 правое ухо верх середина справа
4. 7.5 0.	0.0 0.0 1.0  #14 правое ухо сверху справа
4. 6. 0.	0.0 0.0 1.0  #15 правое ухо середина справа
3.5 4.5 0.	0.0 0.0 1.0  #16 правое ухо низ справа
4. 3. 0.	0.0 0.0 1.0  #17 правая щека
3.5 1.5 0.	0.0 0.0 1.0  #18 правая скула
2.5 1. 0.	0.0 0.0 1.0  #19 подбородок справа
2. 1. 0.	0.0 0.0 1.0  #20 подбородок слева
1. 1.5 0. 	0.0 0.0 1.0  #21 левая скула
# левый глаз
1.5 3.5 0. 	0.0 0.0 1.0  #22 левый глаз слева верх
1.5 3. 0. 	0.0 0.0 1.0  #23 левый глаз слева низ
2. 3. 0. 	0.0 0.0 1.0  #24 левый глаз справа низ
2. 3.5 0. 	0.0 0.0 1.0  #25 левый глаз справа верх
# правый глаз
2.5 3.5 0. 	0.0 0.0 1.0  #26 правый глаз слева верх
2.5 3. 0. 	0.0 0.0 1.0  #27 правый глаз слева низ
3. 3. 0. 	0.0 0.0 1.0  #28 правый глаз справа низ
3. 3.5 0. 	0.0 0.0 1.0  #29 правый глаз справа верх
# левая ушная раковина
1. 5.5 0. 	0.0 0.0 1.0  #30 нижняя точка
1. 7. 0. 	0.0 0.0 1.0  #31 верхняя левая
1.01 7. 0. 	0.0 0.0 1.0  #32 верхняя правая (дополнительная)
# правая ушная раковина
3.5 5.5 0. 	0.0 0.0 1.0  #33 нижняя точка
3.5 7. 0. 	0.0 0.0 1.0  #34 верхняя правая
3.49 7. 0.  0.0 0.0 1.0  #35 верхняя левая (дополнительная)
# нос
2. 2.5 0. 	0.0 0.0 1.0  #36 сверху слева
2.5 2.5 0. 	0.0 0.0 1.0  #37 сверху справа
2.25 2. 0.	0.0 0.0 1.0  #38 низ
# треугольники
0 7 23 # левый большой треугольник от щеки до глаза
1 30 7 # нижняя часть левого уха
1 2 4 # больший треугольник левого уха
2 3 4 # левая верхушка левого уха
4 5 31 # верхушка левого уха
5 31 32 # тонкий треугольник сверху
5 32 7 # с двумя пунктирными ребрами
5 6 7 # правая верхушка левого уха
32 7 30 # середина левого уха
8 9 22 # лоб сверху
9 22 29 # лоб справа
24 25 27 # между глаз левый
25 27 26 # между глаз правый
0 17 36 # большой под глазами
36 37 17 # от носа до правой скулы
0 36 21 # левая щека
36 38 21 # слева от носа
38 20 21 # под носом слева
38 19 20 # самый нижний
38 18 19 # под носом вправа
37 18 38 # справа от носа
37 17 18 # правая щека
17 28 10 # большой треугольник справа
10 33 16 # нижняя часть правого уха
16 13 15 # большой треугольник правого уха
13 14 15 # правая верхушка правого уха
12 13 34 # верхушка правого уха
12 34 35 # тонкий треугольник сверху
12 35 10 # правый треугольник с синим пунктиром
10 11 12 # левая верхушка правого уха
10 35 33 # средняя часть правого уха


pushTransform
scale 0.5

pushTransform 
translate 4 0 0
rotate 30 0 0 1
rotate 30 1 1 0
translate 1 1 0
figure
popTransform
pushTransform
rotate 90 0 0 1
rotate 90 1 1 0
translate 6 0 0
rotate 30 0 0 1
rotate 30 1 1 0
translate 1 1 0
figure
popTransform
pushTransform
rotate -90 0 0 1
rotate -90 1 1 0
translate 8 0 0
rotate 30 0 0 1
rotate 30 1 1 0
translate 1 1 0
figure
popTransform
pushTransform
rotate 180 0 0 1
rotate 180 1 1 0
translate 10 0 0
rotate 30 0 0 1
rotate 30 1 1 0
translate 1 1 0
figure
popTransform
pushTransform
rotate 90 0 0 1
rotate 90 1 1 0
translate 12 0 0
rotate 30 0 0 1
rotate 30 1 1 0
translate 1 1 0
figure
popTransform
pushTransform
rotate -90 0 0 1
rotate -90 1 1 0
translate 14 0 0
rotate 30 0 0 1
rotate 30 1 1 0
translate 1 1 0
figure
popTransform
pushTransform
translate 16 0 0
rotate 30 0 0 1
rotate 30 1 1 0
translate 1 1 0
figure
popTransform

pushTransform 
rotate 90 0 0 1
rotate 90 1 1 0
translate 1 5 0
figure
popTransform
pushTransform 
rotate 180 0 0 0
rotate 180 1 1 0
translate 1 7 0
figure
popTransform
pushTransform 
translate 1 9 0
figure
popTransform

popTransform
