camera 0 0 -4 0 0 0 0 1 0
screen 80 1 0.3 200
model 0.5 0.433 0.4082 1 0.866 0.8165

# золотая пирамида
ambient 0.24725 0.1995 0.0745
diffuse 0.75164 0.60648 0.22648
specular 0.628281 0.555802 0.366065
shininess 51.2

# нижний треугольник
mesh 3 1
0.0 0.0 0.0 	0 0 -1 # 0 0 -0.866
1.0 0.0 0.0		0 0 -1 # 0 0 -0.866
0.5 0.866 0.0	0 0 -1 # 0 0 -0.866
0 1 2

mesh 3 1
0.0 0.0 0.0		0 -0.942801 0.333358 # 0 -0.8165 0.2887
0.5 0.2887 0.8165 0 -0.942801 0.333358 # 0 -0.8165 0.2887
1.0 0.0 0.0		0 -0.942801 0.333358 # 0 -0.8165 0.2887
0 1 2

mesh 3 1
0.0 0.0 0.0		-0.942833 0.544361 0.384886 # -0.707089 0.40825 0.28865
0.5 0.2887 0.8165 -0.942833 0.544361 0.384886 # -0.707089 0.40825 0.28865
0.5 0.866 0.0 	-0.942833 0.544361 0.384886 # -0.707089 0.40825 0.28865
0 1 2

mesh 3 1
0.5 0.2887 0.8165	0.942833 0.544361 0.384886 # 0.707089 0.40825 0.28865
1.0 0.0 0.0		0.942833 0.544361 0.384886 # 0.707089 0.40825 0.28865
0.5 0.866 0.0	0.942833 0.544361 0.384886 # 0.707089 0.40825 0.28865
0 1 2

figure