frame 9.0 15.0

color 255 0 0
thickness 2
path 4
#шляпа верхняя часть
3.0 13.5
3.5 14.5
5.5 14.5
6.0 13.5

path 5
# шляпа нижняя часть
2.0 13.0
2.0 13.5
7.0 13.5
7.0 13.0
2.0 13.0

color 255 140 0
path 9

#волосы левая часть
2.0 13.0 
1.0 12.0
1.5 12.0
0.5 11.0
1.5 11.0
1.0 10.0
2.0 10.5
2.0 9.5
2.5 10.0

path 9

#волосы правая часть
7.0 13.0
8.0 12.0
7.5 12.0
8.5 11.0
7.5 11.0
8.0 10.0
7.0 10.5
7.0 9.5
6.5 10.0

color 245 245 220
path 6
#голова
2.5 13.0
2.5 10.0
4.0 9.0
5.0 9.0
6.5 10.0
6.5 13.0

color 0 0 0
#глаз левый
path 6
3.5 13.0
4.0 12.5
4.0 11.5
3.0 11.5
3.0 12.5
3.5 13.0

path 3
3.0 11.5
3.5 12.5
4.0 11.5

path 3
3.25 11.5
3.5 12.0
3.75 11.5

#глаз правый
path 6
5.5 13.0
6.0 12.5
6.0 11.5
5.0 11.5
5.0 12.5
5.5 13.0

path 3
5.0 11.5
5.5 12.5
6.0 11.5

path 3
5.25 11.5
5.5 12.0
5.75 11.5

color 255 0 0 
thickness 6
path 7
#нос
3.5 11.25
4.0 11.5
5.0 11.5
5.5 11.25
5.5 10.75
3.5 10.75
3.5 11.25

thickness 3
#рот
path 8
3.0 11.0 
4.0 10.5
5.0 10.5
6.0 11.0
6.0 10.0
4.5 9.5
3.0 10.0
3.0 11.0

path 4
3.5 10.5
4.0 10.0
5.0 10.0
5.5 10.5

#тело

thickness 2
color 0 0 0 
#контур
path 6
4.0 9.0 
2.5 8.5 
2.5 4.5
6.5 4.5
4.5 4.5
4.5 0.5

path 3
5.0 9.0
6.5 8.5
6.5 4.5

#левая нога
path 2
2.5 4.5
3.0 1.5

color 0 0 255
thickness 6
path 5
3.5 4.0 
4.0 3.5 
3.5 3.0
3.0 3.5
3.5 4.0

path 3
3.0 1.5
3.5 2.0 
4.0 1.5

color 0 0 0
thickness 2
#правая нога
path 2
6.5 4.5
6.0 1.5

color 0 0 255
thickness 6
path 3
6.0 4.5
5.5 4.0
5.0 4.5

path 5
5.5 3.0
6.0 2.5 
5.5 2.0
5.0 2.5
5.5 3.0

color 0 0 0
thickness 2
path 5
#ступни
1.0 0.5
2.5 1.5 
7.0 1.5 
8.5 0.5
1.0 0.5

#левая рука
path 3
2.5 8.5 
1.0 4.5
2.5 4.5

color 245 245 220
path 6
1.0 4.5
1.0 3.5
2.0 3.5
2.0 4.0
2.5 4.0
2.5 4.5

thickness 5
color 0 255 0
path 6
1.25 5.0
1.5 5.0
1.5 5.5
2.0 5.5
2.0 5.0
2.5 5.0

color 0 0 0
thickness 2
#правая рука
path 3
6.5 8.5
8.0 4.5
6.5 4.5

color 245 245 220
path 6
8.0 4.5
8.0 3.5
7.0 3.5
7.0 4.0
6.5 4.0
6.5 4.5

thickness 5
color 0 255 0
path 6
7.75 5.0
7.5 5.0
7.5 5.5
7.0 5.5
7.0 5.0
6.5 5.0

#галстук верхняя часть
color 0 0 255
path 6
4.0 9.0
3.5 8.5
4.0 8.0
5.0 8.0
5.5 8.5
5.0 9.0

path 5
4.5 9.0 
4.0 8.5
4.5 8.0 
5.0 8.5
4.5 9.0

#галстук нижняя часть
path 5
4.0 8.0
3.5 6.0
4.5 5.0
5.5 6.0
5.0 8.0

thickness 5
color 0 255 0
#кресты внутри

path 6
2.5 7.5 
3.0 7.5
3.0 8.0
3.5 8.0
3.5 7.5
3.825 7.5

path 6
2.5 7.0
3.0 7.0
3.0 6.5
3.5 6.5
3.5 7.0
3.75 7.0

path 5
5.5 6.0
5.5 6.5
6.0 6.5
6.0 6.0
6.5 6.0

path 6
5.0 5.5
5.5 5.5
5.5 5.0
6.0 5.0
6.0 5.5
6.5 5.5





